55.706689999999999999 37.654987
55.709000999999999999 37.655901000000000001
55.709000999999999999 37.655901000000000001
55.765108 37.529807
55.835442000000000001 37.653881
55.79683 37.641830999999999999
55.706623000000000001 37.752145999999999999
55.740814 37.801900999999999999
55.744297 38.010055999999999999
55.747753000000000001 38.033527999999999999
55.794837999999999999 37.914937
55.831870999999999999 37.977802000000000001
55.808237000000000001 38.186093999999999999
55.707284 38.482506000000000001
